5) iol. 1525 M. t. Ciceronis! 5575111111 11551 primns In-
cipit. Is 11551 constat cx epp. 511 Qu. 11.1 1, 12, 113,
114, 115, 11719), 1110112), 1111113), 1112114),
11 13 (155), 11 14 (155), 11 15116), 1111, 1112, 1113,
1114, 1115-1-6, 1118,1119,51141111,12,13,14,
15,16,17,18,19,115,112,113,114,115,
116, 117, 118, 119, 125. - 151. 1675 Iicplicit 11551
1111555;115555115151·15115 nigro cst atramento scripta.

5) 151. 1675 Inplicit 11551 primns (iterum positum). Incipit
71551 II'. Is liber constat cx his epp. ad 411. 11, 1,
113,114,115,116,118,119,1119,1111,117,1116,
11 18, 11 19, 11 25, 11 22, 1121,11 23, 11 24.-151.1715
5111111111 11551111

‘ c) 151. 1715 Incipit 11551 111 ’. Is 11551 continet 511 411. 111 7,

III 8, 1119, 111111, 511 Qu. 1113, 14, 511 41111111,

11112, 11113, 11114,111115, 11118, 11119, 11122,
11123. - 151. 1755 Inplicit 11551 III’.
11)151. 1755 Incipit 11551 IIII'. Hoc 11515 comprehcn-

1155151511 411171, 173, 176, 1710, 17151716
-1-18, 1719 (17) -1- 1716, 871717 (18)-1- 19
(18, 3). - 1511765 Inplicit 1155111111

5) 1511765 Incipit 11551 V. Is Iihcr 55551 51141171,
75, 76, 716, 7211, 721. - 151. 1785 IIanicit
115517.

1) 151. 1785 Incipit 11551 VI'. In hcc libro sunt 511 411.
711, 712, 713, 715, 718. - 151. 1795 IIccpIicit
11551 VI'.

g) 151. 1895 Incipit VII'. Habet 511 411 VIII, 7112,
7113, 7114, 7115, 7116, 7117, 7118, 7119,
71111, 71112, 71113, 71115, 71116, 71117,
71129, 71121, 71123, 71126. - fol. 1845 1111111511
11551711.

11) 151. 1845 Incipit 7111. Is liber constat ex epp. 511
41171111, 71113, 71114, 71117, 71119, 7111 15,
7111 11, 7111 115, 7111 1111, 7111 12, 7111 125,
7111 125, 7111 125, 7111 1211, 7111 13, 7111 14,

 

